380 63
1089 63
194 920
1001 171
1408 1415
61 87
1050 47
130 1366
1197 742
1329 1750
1004 358
179 237
1472 984
1472 929
1438 94
260 800
1132 727
224 55
789 920
1325 1443
1004 1147
550 557
1472 453
1472 394
271 984
366 709
1404 346
1300 1366
144 164
1069 1173
1315 961
1597 466
1389 1402
807 980
201 60
1472 168
1180 1192
1593 462
136 73
224 398
446 454
279 73
1221 53
1118 208
885 902
863 922
220 770
374 961
1472 481
1021 944
112 30
54 74
220 954
1279 236
1373 48
330 779
1069 1103
1702 882
109 867
1176 803
1631 496
1423 1779
1472 510
541 569
1301 208
252 508
50 972
262 277
537 550
125 138
784 965
1285 177
1709 182
1292 969
1111 1174
1318 61
464 609
1043 109
243 250
1112 1472
1472 408
1146 337
1350 1472
809 814
922 956
409 425
1018 1730
1539 300
337 727
279 485
1223 961
227 238
110 121
1004 1215
124 208
1472 550
1174 1472
1618 559
179 699
1001 370
1472 372
402 457
1001 863
1261 941
1216 47
1562 304
404 459
1126 836
341 560
1018 98
668 715
861 980
1720 962
149 740
211 441
431 466
1226 1281
1472 507
1022 986
1588 435
318 328
1776 50
1 7
1472 940
453 454
110 902
967 996
1472 972
404 535
1483 23
792 850
164 2
727 961
1095 1686
341 522
1248 836
337 396
1343 250
1007 867
1147 1370
125 844
346 386
1628 593
1015 64
124 73
1472 700
443 501
394 46
1325 358
1685 877
1069 1472
696 777
1012 1157
1293 1359
1015 1080
1604 475
1007 1097
1472 668
1584 424
1083 999
1089 124
191 83
179 740
610 650
269 671
1472 707
1247 220
1285 540
146 983
428 443
526 568
201 237
1015 1472
1438 1439
243 459
1050 64
374 391
1004 863
334 527
130 9
236 904
430 464
160 170
1074 182
1206 1267
1172 1297
124 97
179 954
44 49
1373 1406
740 94
54 909
1433 48
1431 1472
1004 126
608 632
496 578
243 535
1028 1110
111 227
1276 1331
130 1379
1055 1146
107 128
1210 124
1050 1472
394 73
1007 1247
1354 1755
1359 1422
130 281
910 943
1319 54
555 596
105 87
128 47
1055 54
1074 236
1141 850
1472 226
1054 961
109 37
285 346
1472 538
143 165
1388 337
1126 984
367 443
614 671
23 303
168 303
236 878
419 432
294 299
74 740
768 789
1326 1472
1433 399
1016 330
1067 809
755 775
1268 1472
1675 773
1007 1015
107 193
1017 1351
236 967
252 53
252 475
909 941
421 436
146 193
1357 999
130 260
1359 957
1595 201
146 922
130 171
311 340
306 790
148 89
358 98
850 996
1021 1181
236 941
1359 50
920 999
1247 840
968 999
208 889
913 999
130 289
1004 1117
1489 30
1117 1248
61 909
46 46
1709 171
1472 328
279 451
182 810
1421 1446
1472 983
124 138
341 464
758 768
1758 179
1036 1047
1415 1472
1046 370
1155 1278
541 583
920 944
1036 146
149 173
237 239
110 867
1080 1197
1114 1247
1069 1239
1248 374
384 996
1165 920
138 567
1546 9
1080 867
1021 920
1001 1058
402 439
697 740
758 759
454 455
152 155
464 732
704 726
202 952
37 485
1047 61
374 840
1258 1472
889 988
1670 703
1361 177
485 661
1339 1472
386 415
55 734
211 813
283 464
67 867
185 924
1354 977
46 73
1356 1380
38 73
442 451
297 496
107 1560
1341 367
1084 1126
124 136
1307 384
1022 61
231 727
480 492
1472 562
979 989
727 942
306 708
1482 48
1032 367
1417 48
109 98
1112 48
1195 69
1236 219
862 924
374 803
1643 306
1128 1174
471 629
1775 957
171 91
1348 988
409 592
124 844
1647 664
1001 1007
1472 690
47 867
1389 1472
1396 74
1118 889
1527 288
1333 1368
1261 60
105 375
179 383
531 537
404 456
144 217
1306 961
118 83
404 515
1294 803
208 789
1472 922
768 850
379 700
1062 111
83 87
1170 1205
73 97
460 524
1048 1055
1470 1472
231 254
334 460
170 346
1585 73
1472 361
111 211
1007 149
841 999
1167 961
1709 370
219 417
1408 177
1070 37
871 900
867 98
697 981
1480 69
170 328
1028 170
50 97
170 983
404 433
225 235
186 310
1472 594
74 792
1001 271
177 177
1275 1310
1100 155
236 306
805 809
1047 967
130 779
1149 920
1175 1180
751 869
1167 1199
1069 48
1111 922
1368 47
1180 909
133 50
497 567
1472 243
1006 1251
283 768
145 90
214 239
1702 366
545 556
1277 335
727 803
779 816
148 156
290 301
1015 48
313 345
404 447
787 805
165 74
1472 49
614 734
171 980
1472 531
404 450
1472 308
185 287
1558 346
1334 1342
224 941
1472 908
1673 231
109 996
167 91
107 957
130 315
929 999
179 867
107 1172
1474 53
1022 941
1155 909
1035 1111
185 330
399 965
1190 236
100 175
148 250
237 317
109 1675
1545 9
883 884
1012 1472
1472 485
295 9
1007 146
1044 1176
1665 663
146 50
479 509
155 412
107 166
967 973
211 240
1179 1472
454 559
1372 996
1050 1383
330 373
1369 63
1154 751
149 196
64 922
867 996
1487 73
1147 1449
768 777
335 721
464 471
220 727
362 97
1024 751
438 575
146 970
739 781
337 400
1472 637
905 98
1067 952
219 53
1472 337
893 944
1643 628
122 182
1050 399
411 541
191 669
109 846
1216 217
1472 775
129 207
1357 920
130 1319
236 60
238 259
271 337
1242 1727
1472 853
1297 208
50 50
1177 965
37 580
374 574
1007 996
939 961
1022 107
343 97
415 438
341 487
1117 205
1370 49
275 739
1246 1472
38 844
1119 727
122 165
1167 220
1529 332
396 82
105 373
1132 920
1445 98
152 82
460 563
1390 1415
408 467
1403 1458
435 461
409 465
1085 967
23 23
1208 889
1141 191
1114 146
46 961
1058 1110
1285 902
130 984
1070 146
366 803
1712 908
1472 957
432 455
1018 1065
117 182
149 727
1408 1444
1057 412
110 98
379 454
1556 177
1172 1197
348 79
1111 1206
1242 1299
1047 1172
1010 1088
1015 1024
1117 1141
1421 1472
1044 747
1172 867
50 67
271 957
367 54
1472 50
1062 170
320 337
1198 1249
1337 335
27 48
1053 952
1062 951
412 920
223 287
208 358
332 432
179 386
1147 909
144 155
863 948
124 810
744 761
53 752
471 564
126 146
383 81
409 523
1472 970
109 492
356 362
156 191
128 217
94 961
138 49
185 397
97 985
1389 48
57 67
1612 599
185 768
1128 61
1472 921
1367 384
428 475
471 628
1036 809
110 146
48 909
118 61
149 214
1004 1180
1347 1351
124 236
250 330
376 458
1080 146
1247 836
1717 98
1472 793
47 98
1481 50
889 972
113 113
164 187
1142 1258
1472 67
1066 1075
1001 790
1062 74
412 814
1107 920
1472 17
1472 891
1303 920
1092 985
1472 451
60 999
1111 970
283 319
792 811
1173 1472
1278 94
1772 64
330 969
1268 727
1096 124
1170 1248
1375 74
294 96
807 952
271 891
1132 1461
1458 1464
250 362
1315 1342
1043 803
301 96
1248 941
1157 958
330 97
48 89
375 73
370 909
401 69
1359 64
740 855
897 948
1472 77
768 779
124 803
449 589
16 7
159 174
1318 1365
1370 50
1472 671
335 740
110 996
1698 786
1257 1472
1472 815
155 909
110 774
1360 97
1402 49
1169 236
1711 989
905 944
1310 177
130 972
844 85
464 550
1682 988
1472 512
1472 573
1359 1472
1472 755
1402 908
129 87
146 1511
204 214
124 1686
1015 98
966 996
366 732
346 920
464 567
164 387
170 970
1128 967
887 983
1472 796
1358 1389
1156 146
337 53
1004 1132
185 847
537 558
1001 914
90 955
109 809
194 343
1141 811
179 98
170 921
1472 179
402 429
55 551
1310 814
138 957
124 885
1258 916
431 457
149 219
460 559
216 7
814 906
1042 908
528 569
408 469
1044 171
1205 1472
217 944
61 889
1051 980
1318 204
1248 337
69 72
543 546
541 550
456 467
138 50
116 1494
1472 558
1444 1465
409 622
54 789
832 832
1011 909
224 356
526 587
295 341
1444 186
46 942
248 844
944 988
1015 219
12 7
109 54
379 532
107 153
1328 412
208 988
1021 178
1252 967
1132 1740
209 217
138 970
146 153
732 740
114 183
46 810
149 314
1126 957
73 88
252 421
1068 742
700 740
1247 374
101 73
1268 1285
455 498
1472 721
179 219
1738 94
1472 903
220 944
559 644
1004 914
1347 807
1021 902
1019 1026
367 74
1110 909
752 999
1472 945
850 994
97 984
1472 830
1731 48
402 411
247 250
1004 49
415 502
38 623
46 81
179 335
1015 996
574 672
1058 74
931 955
1472 72
1661 681
1174 944
1082 1472
1472 568
747 971
408 51
194 965
339 350
1085 807
1232 48
1121 217
1675 759
330 921
113 1499
840 941
191 628
130 328
1046 46
459 472
30 83
1606 485
130 983
737 779
307 312
1472 646
170 179
1024 929
177 390
1227 909
1472 283
1472 728
69 948
1259 952
1472 883
1021 156
191 356
1027 50
110 869
271 283
253 373
1106 168
1385 1421
171 402
844 881
182 986
135 162
1080 1248
1472 650
206 445
1027 970
1472 771
1428 1472
1257 217
231 920
1198 1303
1267 1472
100 54
1402 1433
1007 1078
856 860
1096 1248
351 363
451 460
1472 861
19 37
1472 153
1128 1172
891 944
643 645
1047 1111
107 1472
83 97
143 1473
467 53
146 1472
283 349
283 789
49 68
341 520
1036 194
868 999
740 952
1472 699
809 91
1173 48
1712 945
1472 948
117 367
149 364
825 903
1001 844
850 977
404 434
1557 386
1472 329
1361 1392
850 909
1472 892
451 500
1337 54
704 724
1396 1421
807 884
194 943
231 814
1535 283
431 439
337 362
109 117
1438 1466
341 528
1190 984
1070 54
271 329
1142 67
471 675
170 905
259 280
1472 52
1406 149
205 226
1472 200
493 91
1261 867
107 121
255 79
1004 50
1246 727
476 486
605 693
1021 1221
177 383
1472 363
1472 596
1205 1427
574 605
54 762
176 208
694 710
335 48
701 736
3 394
1472 740
144 151
1268 1331
1080 1338
1472 34
126 54
1388 48
1472 64
1472 770
1472 172
149 7
1472 357
1435 94
271 740
130 1501
1723 47
1472 954
811 888
1695 752
779 789
217 920
1050 1292
113 375
1205 1432
1045 224
1472 161
1472 415
1206 768
1055 961
110 54
1702 958
252 63
1167 836
1276 250
1285 98
1005 909
1176 1422
1004 67
1313 412
1701 740
243 753
1472 730
1458 1472
47 809
432 440
1501 162
807 97
399 402
260 785
1111 64
209 986
211 24
1472 167
464 531
1368 862
137 1500
1196 889
1001 179
98 988
1365 1418
810 902
279 83
114 140
1018 109
1756 50
1035 989
404 550
454 527
143 193
1155 209
33 463
1118 984
485 541
46 938
107 383
1050 1293
71 98
1205 399
1016 1046
151 156
58 74
1041 863
1197 1369
1238 47
1472 981
949 97
1365 1472
47 54
40 408
1422 67
1373 362
1271 967
728 768
939 988
1048 1069
1717 920
1121 893
752 920
122 374
341 441
82 90
48 961
1174 920
219 235
122 3
315 338
1337 412
220 227
1070 205
1741 914
889 957
474 55
296 9
1651 306
224 390
813 905
380 73
1433 1444
769 809
560 647
1141 784
774 789
809 996
122 155
170 740
1083 1221
1255 1472
1433 1458
1147 1388
1512 215
1104 138
742 850
1082 932
1069 1317
1248 283
170 64
1143 1472
1329 914
170 172
48 889
1357 250
855 898
30 61
1114 117
387 90
1472 782
185 789
64 64
1004 179
1370 1472
306 985
117 1174
236 867
1639 627
1053 958
1607 495
1015 231
1069 920
1285 996
289 9
236 48
1089 97
109 909
275 741
1015 1317
768 872
1089 966
107 142
119 124
1050 1110
594 605
224 902
1442 64
1629 681
1118 742
889 921
1029 1080
727 897
47 87
779 850
1080 205
1472 827
537 702
126 170
179 231
456 476
1226 830
130 50
807 871
375 81
124 83
1472 792
214 431
1472 173
1361 1388
496 53
1361 63
867 977
1087 914
524 530
1529 9
663 768
1483 73
179 54
111 146
867 909
1325 67
164 204
1673 275
1367 1380
1114 224
1614 531
1352 1472
1005 109
661 748
1472 383
1003 897
1513 170
1043 742
1050 177
37 724
1197 1197
1004 47
1199 97
1472 565
1113 1188
138 1472
182 967
373 393
545 633
1225 909
1247 908
1319 1445
1472 835
1361 91
1104 961
34 75
37 55
1198 1248
431 436
1 21
204 213
1117 961
1310 1310
300 331
1472 276
168 168
109 768
394 411
1368 1415
54 779
861 896
1147 1205
182 941
1016 963
1089 1373
1126 954
1602 454
114 203
156 185
1334 807
900 917
1361 149
144 157
1 449
1050 814
1021 1730
115 90
1407 1417
743 778
1705 852
1126 1472
1686 768
310 324
72 72
454 465
879 938
126 194
1203 63
107 196
454 610
177 916
199 217
34 98
235 268
1335 1428
805 961
1360 1472
1055 1069
1055 236
354 354
454 460
110 194
318 386
149 350
1529 286
1682 922
109 115
1027 64
1408 91
55 750
1038 751
1402 1472
1083 965
1472 608
170 792
170 173
1024 1714
164 178
67 952
1244 64
1021 980
38 55
185 852
1410 893
1105 1128
1472 48
1742 177
48 942
1015 412
64 792
306 55
109 109
177 91
1014 768
792 815
1015 1326
1488 73
1194 868
1591 341
1027 1472
1261 146
1368 61
1139 47
1142 64
341 546
1172 54
1472 380
941 994
1070 909
202 917
471 484
1330 1366
47 952
179 621
1244 1472
252 410
130 1547
1004 1103
1506 7
102 53
404 454
179 412
1022 867
1128 64
889 903
1012 1272
1472 423
578 591
1042 1472
1719 807
18 7
83 88
283 370
1472 551
1021 124
1167 1233
201 231
433 469
1521 240
1142 1472
1472 648
238 260
1709 179
1472 399
376 431
205 50
537 55
1087 1729
194 813
1318 98
1472 197
112 1472
1711 412
138 792
1750 999
289 324
119 171
201 509
1325 47
236 752
1472 403
1472 489
117 1180
1472 274
1011 1060
306 411
1377 64
209 967
1226 1472
1431 1444
132 179
1117 209
243 790
283 367
1417 362
330 825
1161 984
1015 74
116 145
1118 61
1080 909
1357 995
1030 1472
1004 64
1173 999
1015 1083
1136 868
1472 521
202 825
454 476
402 409
374 50
114 211
1600 421
1200 399
202 938
1281 988
614 629
1067 803
1206 1241
209 941
1055 1147
920 965
1377 1472
295 295
851 851
1015 1740
113 97
1 441
130 47
259 410
1221 1294
810 965
850 961
768 896
1472 733
717 878
179 74
3 73
653 671
306 742
216 38
149 330
143 157
168 226
27 53
471 640
1004 1472
1463 1472
46 59
1711 879
302 303
173 175
191 867
1357 94
74 951
1006 231
1532 289
129 844
1061 938
108 91
155 850
105 1576
1121 967
1356 61
177 219
1074 1126
784 961
1743 220
1472 395
1178 967
1015 330
1472 386
124 61
47 909
179 194
1024 957
1472 587
779 887
1369 1401
1472 36
1180 1689
1301 1302
37 432
810 94
1118 922
1117 182
1060 61
388 91
1620 545
124 82
243 784
275 747
1024 50
1197 149
1472 862
1338 1381
179 330
1472 727
110 768
107 175
605 614
202 217
412 63
423 443
165 171
1472 749
1285 54
208 485
1366 1373
538 716
74 74
779 779
410 55
116 180
1233 955
177 996
1070 109
540 969
1383 91
1472 595
61 984
48 751
129 889
1142 792
768 921
1124 1318
1110 1252
1 420
182 807
796 837
240 9
29 73
430 550
697 951
334 479
43 74
1472 254
55 60
1256 220
268 270
507 537
1248 1742
63 950
1033 1472
1167 922
909 996
891 909
1322 179
1472 32
815 988
117 129
1036 889
84 97
107 219
105 217
1098 1472
811 819
605 684
47 768
1117 803
1043 967
1103 1276
194 205
1472 75
343 83
215 234
433 476
1094 867
1036 1156
396 48
428 433
428 449
723 765
1056 912
1341 1472
1176 1472
168 790
179 909
279 295
108 146
1532 311
49 73
49 784
1248 867
332 338
224 752
1032 1472
1080 109
1552 9
1255 727
1001 217
1472 278
467 535
1698 55
1483 391
527 593
117 49
1472 607
182 356
816 840
1369 46
283 394
1490 73
1345 149
149 259
434 444
460 496
666 835
1076 1729
364 387
405 83
107 1522
542 560
459 465
1294 179
1325 1472
379 551
61 986
208 957
1055 988
107 996
708 771
1293 1371
211 723
1063 540
1472 404
130 740
149 768
1148 751
1206 980
1614 568
929 965
1007 955
1359 1375
1483 47
728 789
1147 1438
1001 1043
130 357
825 862
1021 207
399 73
1013 46
1135 897
1438 1455
109 961
412 980
380 81
149 355
558 575
1674 725
243 265
1055 367
683 694
130 1472
186 314
1472 426
1472 500
1722 182
1096 784
143 153
407 433
1128 867
1197 1288
1016 271
1405 1421
168 73
1285 1298
830 919
149 322
1128 48
796 933
179 768
194 224
1048 1190
1092 1115
1110 1295
109 889
334 620
1365 98
1477 30
1047 1047
105 2
2 23
212 240
39 6
236 987
1472 219
1036 209
784 942
1472 443
107 944
146 22
471 622
394 58
1118 1172
1389 362
1142 399
1472 694
146 944
114 178
204 768
1022 1047
364 379
356 370
560 582
1207 48
1472 174
1721 69
346 789
1011 110
1022 146
15 23
330 83
485 504
367 840
1310 1333
1136 138
1007 961
1252 867
1535 300
807 917
1349 961
129 164
1070 955
1004 48
117 957
158 63
411 431
1180 811
1142 1178
1285 384
1209 1267
40 77
1236 209
428 441
432 513
114 190
1585 82
138 1484
1503 155
1415 1769
117 50
124 1498
663 673
774 848
1285 224
1024 72
34 54
1047 774
1472 725
1218 980
941 97
1007 1199
171 889
768 905
1529 298
149 1538
1628 578
211 821
375 83
314 317
1011 1118
560 560
717 807
1062 1248
709 723
316 341
1007 889
129 165
1036 182
1447 49
1472 900
1373 789
151 62
1402 727
1408 1438
807 842
1472 210
1361 54
1141 1472
250 863
1022 996
1403 1425
1004 399
1194 889
792 901
109 993
740 810
1565 83
768 810
1111 996
143 1472
20 63
155 779
1472 428
1085 202
105 374
1036 236
1333 768
1613 279
1181 61
1472 318
1695 224
130 1441
1472 999
168 896
1704 828
231 965
131 1472
117 67
1262 1751
1472 152
116 87
1392 1418
1472 22
170 183
550 605
1419 362
861 917
1720 989
271 999
1080 947
238 271
1114 961
1472 944
608 620
1087 1738
1055 929
67 79
1070 961
1136 961
162 91
121 149
164 202
453 455
1263 399
20 91
1001 1152
1199 1472
1702 848
1021 87
155 191
510 527
1087 1092
1247 1472
46 58
809 977
1262 1352
1318 54
1056 54
289 348
219 809
1085 146
128 204
1018 171
1128 916
343 61
1037 1472
1472 524
1433 94
1087 1112
1253 412
1066 869
454 537
283 346
1055 1190
1285 977
28 320
1107 1138
124 807
1472 364
289 328
344 344
1033 399
1004 1024
1714 48
399 961
101 83
1003 1173
1752 177
50 7
110 961
1010 939
53 955
150 170
53 535
1302 1472
1080 961
48 984
1472 615
1172 208
362 878
162 202
237 243
313 339
1294 1472
1340 149
527 630
61 922
117 179
181 380
341 454
130 1556
219 402
1141 792
1003 948
1086 1105
1380 957
399 889
170 999
3 88
1445 63
1472 907
1472 773
1107 1216
217 965
909 973
460 653
690 752
259 267
1000 1057
1472 704
1024 1080
1113 1132
1155 1268
1161 1163
1594 491
1472 975
1021 117
1561 381
460 605
1232 362
185 972
12 21
762 822
540 905
1154 1472
807 836
1244 1285
727 770
366 728
431 531
1538 360
770 815
107 385
1472 641
138 900
1090 146
1132 1438
171 810
37 660
130 380
1024 1472
64 944
337 824
1153 362
306 306
46 957
1544 9
283 454
789 790
356 618
107 213
1044 47
113 1403
83 83
146 920
538 661
846 941
1359 74
777 790
199 7
415 460
341 73
1232 909
79 9
34 74
114 184
107 1491
1472 508
117 47
1336 902
1069 1315
47 889
119 123
177 195
1111 400
1007 236
615 617
1086 1110
1379 47
220 69
1193 967
1070 220
109 762
908 984
138 944
1704 998
1392 1393
1113 914
1373 358
67 991
1109 920
125 1472
1472 692
1026 1472
226 241
1021 271
789 791
370 375
50 920
367 887
109 358
907 918
185 226
758 776
278 281
977 981
415 500
1128 219
1435 1466
54 957
1396 346
113 1472
1217 209
211 83
446 490
852 860
44 74
779 790
742 881
1055 1268
231 850
1007 803
1050 1315
752 94
1100 219
384 988
367 367
404 415
128 1393
151 87
74 90
235 617
1126 944
1285 208
41 69
1190 1472
965 999
706 723
1054 1472
334 9
1070 182
605 670
337 370
733 741
250 375
149 63
1117 168
1145 762
117 771
1472 455
40 770
49 810
762 790
194 97
1472 735
1681 765
1369 47
1472 385
217 980
81 86
211 742
1472 804
814 919
1145 358
1759 367
252 652
1399 893
460 541
1472 920
168 47
1239 1472
1331 1741
1004 219
38 624
1047 54
1178 204
1001 61
768 792
54 921
467 751
537 660
694 827
1145 1242
109 171
1087 946
1388 362
1069 94
1141 399
1055 1226
1295 988
696 710
421 460
349 46
130 727
1070 840
1608 467
1485 96
124 876
202 967
54 67
138 907
224 54
1180 784
243 598
171 281
565 635
762 881
752 943
287 293
1472 227
1022 54
30 76
740 873
1050 63
1099 67
38 628
1293 43
868 965
110 182
107 170
211 215
1359 1411
122 161
1080 182
1276 224
859 961
1111 54
762 791
202 941
1052 1080
146 170
1197 205
264 277
525 525
784 836
114 91
1308 48
1431 94
522 531
149 349
136 167
252 454
130 1767
149 789
1472 814
481 502
909 952
1070 803
162 62
1385 49
1142 944
17 29
910 946
747 845
1176 98
1050 94
1052 1472
201 619
16 18
537 564
508 565
1106 217
101 61
374 48
410 455
1221 130
469 517
794 996
168 826
149 21
753 770
496 528
1472 53
1000 1028
1041 47
1472 475
740 858
1155 49
1472 915
155 226
1182 1206
480 481
1061 49
1233 988
402 423
790 859
512 586
144 175
238 97
1563 73
255 61
1393 168
1174 124
1367 1463
1055 1132
1737 47
1036 1117
1004 999
173 253
1301 1472
623 7
226 494
117 1472
170 920
1472 812
110 803
1070 358
421 96
1089 374
114 202
1087 1204
179 895
371 374
220 850
1080 803
1055 922
1379 1472
1293 47
663 695
402 527
1396 49
20 56
1317 1741
541 595
64 920
1087 1113
440 501
1141 727
1529 306
1472 621
1120 836
850 984
1154 48
407 434
1010 807
279 38
1164 907
1472 412
1115 117
1167 161
177 909
1024 48
411 550
1768 49
1325 1415
1 454
1556 366
752 850
1596 404
171 825
1373 367
1387 1472
144 146
236 362
1167 1472
920 994
1292 1310
185 73
961 984
1368 1369
271 412
524 531
107 330
1472 170
780 790
343 807
661 770
1472 559
124 1495
204 209
1472 951
116 159
1226 1292
1028 1050
114 146
19 79
300 314
1249 1472
1554 362
1079 988
27 69
808 815
110 358
909 909
770 770
1064 412
1300 1468
1111 412
1472 536
1483 83
1385 957
356 790
979 988
1365 412
48 922
1319 49
236 909
337 394
129 232
1247 727
116 143
100 131
271 536
186 330
1007 988
1385 50
1719 98
1292 1393
1099 47
1135 1173
1472 336
1050 124
165 49
224 366
146 273
1022 1723
1015 747
379 455
105 387
283 671
1472 74
1684 717
47 762
142 46
1155 1170
1770 367
1133 1472
1331 250
809 961
1248 1317
121 54
1062 1128
185 185
1089 864
1518 215
186 362
1027 1110
209 867
374 727
1472 45
1032 999
1190 48
1462 306
407 408
1005 1174
231 809
110 171
1258 209
113 1254
199 211
172 182
48 914
499 523
1472 851
115 85
132 183
191 205
224 224
1285 961
20 54
104 50
1472 287
111 138
236 259
1510 199
1298 236
1474 84
334 836
1111 74
758 795
48 49
121 176
1380 64
111 955
455 55
1371 98
476 512
1472 330
1472 490
322 79
220 260
695 762
1447 1472
48 908
356 914
105 409
1001 1172
1472 253
1103 867
40 48
170 951
1067 1145
1413 1429
1472 763
1692 793
1009 951
179 488
383 383
370 784
1511 226
271 330
252 482
768 862
1307 1397
210 215
107 1167
370 914
1044 217
324 96
1352 412
1208 1472
1370 1444
182 91
182 752
107 259
1310 384
1525 9
1028 786
1178 867
768 893
202 807
1143 74
1024 1041
1061 1125
1702 337
1472 362
124 383
471 525
1069 1189
1106 893
370 49
1310 224
1298 803
1015 358
1444 1447
740 742
1074 146
105 304
299 315
1128 54
11 168
179 762
1015 1147
538 852
784 864
1015 1242
1319 957
485 501
1035 958
1055 957
215 223
404 55
546 560
1055 1170
402 460
330 898
1293 1472
1028 138
1390 54
155 308
792 999
168 825
1015 751
1330 908
1319 50
279 316
1472 464
1621 551
1055 50
64 74
1271 996
82 97
700 860
387 73
250 969
1385 1436
109 168
128 202
1472 816
1297 903
451 528
217 809
1119 1248
214 237
250 97
1001 814
1442 74
1738 236
1472 659
1702 957
1110 922
358 972
103 380
1477 20
204 358
306 313
671 709
356 786
1256 61
306 425
380 61
146 178
1006 895
1205 1249
30 98
1 130
496 575
160 47
692 730
807 967
1525 171
908 908
110 238
26 53
816 922
1114 836
1099 64
1285 789
1472 526
380 82
220 370
341 81
1115 1195
545 578
138 74
243 55
67 988
815 815
1701 816
1117 49
1506 21
1221 236
214 283
260 485
220 813
807 941
1316 94
488 769
1094 117
1533 23
18 21
1145 168
467 481
1472 686
921 98
48 50
715 805
1209 977
53 585
1 13
1472 33
1663 681
1099 1472
1054 916
1598 318
441 506
209 916
752 863
802 809
47 988
428 435
1029 1066
1164 356
1028 67
390 73
1154 1285
1567 395
415 537
1708 869
1472 911
1197 208
1126 74
777 810
1417 367
168 858
1114 1256
308 337
1567 83
143 152
1692 903
160 164
1473 211
1454 46
1230 250
130 7
1472 440
279 37
1107 1128
107 156
271 768
1349 374
403 496
17 24
896 909
146 156
1472 305
1080 1117
1018 922
390 97
1128 412
171 893
1389 1759
1035 919
1065 1472
1249 1254
1001 1115
460 572
1096 836
560 569
1645 591
394 48
1021 844
1242 217
1361 1380
321 340
1172 358
1378 54
115 73
1477 50
1004 915
271 305
836 961
64 909
149 887
898 941
1 444
1082 867
100 374
1096 1227
496 541
1472 178
1103 1155
361 379
704 752
1748 208
97 996
114 132
942 961
1015 863
1114 984
334 567
341 415
502 502
1100 170
789 803
1406 840
412 46
355 366
1067 807
295 443
541 629
149 779
1388 1421
1472 445
260 50
1472 28
1030 951
1004 412
1313 952
889 920
231 952
1012 850
1028 179
1737 217
182 935
168 2
1368 149
415 560
1648 654
1132 914
337 790
314 320
1714 920
1113 1472
167 168
1331 1709
1077 921
1527 344
346 346
1472 516
1015 779
295 314
1311 1331
864 921
1128 74
1311 878
1098 814
1022 109
432 73
1027 330
1343 155
37 766
404 432
952 988
1610 506
1403 1421
110 984
124 37
1031 1142
751 908
1048 740
133 90
179 779
1046 60
64 768
1438 337
342 363
231 497
1055 945
1117 970
1472 156
1606 536
1024 1230
1373 1401
1319 47
1055 830
1041 1044
130 920
246 795
1297 1472
1126 816
1167 727
1120 904
1401 367
1496 53
1515 229
1154 999
358 790
165 47
1182 1472
1472 303
412 969
909 958
432 504
866 891
1178 202
298 301
28 77
1015 1117
343 902
1048 1472
177 961
211 60
1619 441
114 163
1674 275
1004 74
671 718
1472 250
46 48
0 30
170 178
1310 208
346 790
337 73
179 191
1369 186
792 920
1720 909
836 993
1375 1380
252 734
105 160
1319 283
337 914
76 83
107 90
1385 64
1628 660
774 861
1191 1472
488 666
131 140
1415 1425
219 961
346 454
1048 1112
1481 156
1275 988
74 779
1767 186
1232 850
155 179
1121 146
1338 177
337 969
170 38
1118 98
1180 1472
1033 170
217 952
129 151
1472 421
1369 893
1538 321
1375 67
1385 1472
1155 740
1492 7
399 986
792 886
1472 819
1063 65
653 692
1472 321
1110 67
168 893
1706 768
1472 845
287 9
1172 988
226 532
1301 98
1156 984
464 663
1288 1472
1767 893
807 807
1096 986
984 996
1472 674
1652 306
331 9
1472 661
105 204
1106 941
50 90
1454 50
341 405
1526 309
109 837
1155 1472
124 460
286 334
1036 1145
1057 1229
1061 1472
1356 98
236 889
271 661
1237 204
346 784
1656 661
778 805
1553 28
1121 996
537 592
61 76
1172 367
1055 1103
1190 999
124 98
1307 1472
55 605
441 476
560 583
577 611
1132 1729
104 1472
109 922
1702 861
415 464
762 974
1369 1385
166 208
1472 381
824 868
1 623
1472 556
1036 1236
1230 1750
1011 179
1472 199
1396 1472
1700 728
111 9
1036 1280
164 208
1205 1447
130 356
375 425
1760 61
661 666
1369 1391
1472 619
473 485
1011 1021
1389 1395
367 50
1687 778
1053 830
1393 67
1043 146
1472 90
130 170
356 650
146 965
211 237
1041 155
224 955
1058 130
124 146
810 961
809 821
1087 920
1022 955
1226 1313
1 10
672 793
850 970
63 972
1033 330
1686 791
1472 517
851 994
1472 741
1472 343
121 208
124 219
730 734
1256 807
1055 1260
149 302
762 842
171 922
82 88
1578 376
961 970
1105 1367
1315 1357
165 172
149 271
110 226
1472 222
1020 984
1385 1404
87 955
1319 1472
170 235
1055 1472
1098 1111
743 759
1472 797
1052 999
1196 1472
374 385
615 647
715 715
1000 217
50 965
367 891
231 454
1050 384
160 217
874 999
1036 1170
374 920
1300 1444
1369 1415
867 914
1472 657
417 559
179 375
762 825
124 996
1479 30
50 63
543 544
171 967
1115 1199
1057 47
299 46
241 261
423 433
697 754
281 9
156 60
109 933
50 69
1025 751
1618 279
1358 179
1422 204
46 752
30 54
38 91
107 789
54 83
98 98
1322 814
1001 902
1110 47
170 199
73 91
172 3
1118 944
1001 445
63 85
412 889
1613 554
117 999
789 836
358 50
1008 1472
297 337
1107 1133
1700 740
375 383
50 91
1325 1365
23 288
192 217
341 429
130 330
784 807
1472 965
1251 803
1018 1021
351 722
128 1318
1472 995
341 55
370 740
237 727
1472 63
1048 48
325 371
908 948
1324 49
335 358
170 741
105 383
1762 46
1472 69
447 451
1276 236
1686 786
1361 1379
1444 1459
1083 236
146 980
129 157
1191 48
1021 1161
149 226
182 960
1472 246
1421 1438
1391 957
1472 94
1672 936
1176 1359
1004 445
1472 640
1130 97
1511 47
1470 1778
476 551
1385 1758
803 863
1614 559
556 578
109 957
460 545
768 814
174 208
1373 50
1683 211
28 770
202 867
1254 1268
1385 48
354 357
107 124
1538 23
260 740
408 408
149 348
209 809
1745 46
867 896
341 411
1001 1085
1472 23
219 803
1456 1472
341 83
1180 1254
399 922
1736 67
110 922
301 46
50 980
1472 722
351 528
1021 1234
171 387
1080 922
1180 1535
1472 352
426 431
1172 986
653 716
1176 768
36 91
1681 356
1148 1472
451 461
1287 48
1070 49
1197 182
1061 48
464 464
117 907
1180 399
404 455
1140 1728
1472 486
1472 456
473 512
1160 1472
1114 908
1015 1180
842 893
149 983
496 572
454 555
1472 496
1484 73
1486 87
192 197
1370 63
1497 156
220 884
480 623
1472 943
220 46
399 967
151 165
130 1359
1472 21
67 922
916 941
275 723
663 671
49 58
168 878
717 809
1357 236
237 404
306 96
1314 412
382 63
1105 111
1472 520
107 145
461 491
1007 957
1087 1740
1117 1472
283 727
1178 809
1096 967
399 941
1091 920
1255 1709
117 1375
306 314
1011 1472
208 920
46 996
1472 449
185 858
1370 94
1472 980
47 922
1004 1085
1110 740
1584 416
1096 1296
199 202
1007 50
1768 48
454 501
126 97
111 1142
1110 64
107 1070
1686 67
1096 941
1022 220
1175 965
789 893
922 94
1056 171
168 941
881 988
170 91
1472 528
814 922
1087 1144
399 58
1396 399
1080 908
1472 452
238 55
409 531
138 965
1110 1472
1010 202
1293 1751
149 454
271 528
219 225
832 909
279 541
60 955
130 305
320 496
164 388
236 751
61 98
1619 618
107 189
1246 1768
1090 844
792 911
1292 1309
902 98
1230 751
1021 988
496 73
185 380
1682 412
1171 146
1055 48
279 402
1243 48
107 358
116 217
146 242
460 655
220 97
742 742
941 941
109 796
129 1297
1472 333
107 1242
1346 1472
109 1275
1015 46
358 47
1205 1438
133 171
130 178
1472 747
1118 54
559 606
1446 346
1557 394
1114 957
13 16
252 55
165 380
1472 850
63 97
1531 412
1017 863
1111 124
171 807
114 143
1024 1083
1325 1369
1114 50
155 985
1050 109
1050 46
146 62
1070 50
1319 399
1001 1015
335 695
149 73
1424 1449
1358 1472
1251 988
283 404
146 1514
1050 208
23 325
186 358
1736 47
1543 295
412 803
23 295
965 995
1472 852
1360 63
1069 914
1124 1391
1029 209
1155 727
334 625
289 300
1258 346
922 980
1454 1472
1147 1254
1325 1393
762 893
1043 54
1003 1148
48 48
1047 803
219 825
1018 1472
1015 784
1054 170
64 980
1055 1185
1289 988
149 969
1472 672
214 300
219 938
330 752
1318 988
1473 91
69 751
124 54
149 342
202 91
130 1369
409 548
485 687
664 685
126 50
1643 463
399 957
1338 902
455 472
113 1444
374 464
1167 920
214 500
1001 37
177 988
1472 441
179 784
341 577
1021 1044
130 156
1252 958
110 50
1103 1298
1022 1070
182 909
117 814
375 91
166 188
1472 410
398 400
107 133
653 675
252 749
1047 762
1608 525
116 2
1061 752
859 922
107 1118
1147 1396
454 471
1187 208
1610 509
1475 69
330 460
1472 794
67 957
784 954
185 83
1717 896
1080 1162
1242 1682
1054 74
217 844
379 496
185 862
1022 762
212 215
1572 53
1046 1094
236 863
107 131
1709 250
224 358
202 202
1172 1302
63 957
1335 64
471 664
47 957
289 314
179 485
129 1305
28 48
1259 1472
1472 62
1178 1179
1145 47
1022 358
862 862
1472 777
110 793
1637 634
50 56
1248 209
1472 968
1118 412
1230 126
224 281
1268 969
105 149
1472 31
47 50
1728 47
471 585
1057 217
1295 64
1056 1117
814 957
27 46
182 868
224 751
840 854
672 677
951 952
1036 1080
61 944
1724 217
660 684
109 861
632 641
743 758
1089 1404
1001 149
1301 412
812 983
117 412
727 816
211 766
1331 811
857 999
1021 984
1005 1472
379 528
1036 1472
537 605
1389 46
891 896
1008 1024
168 814
330 351
1004 69
1400 914
138 850
850 901
164 165
1043 412
775 903
24 3
107 238
814 970
268 275
380 383
1015 1334
807 867
1601 477
1472 720
1085 803
1472 56
283 318
37 402
330 335
211 527
1472 963
1472 653
1280 205
1022 171
1004 94
10 1472
878 941
1003 1055
727 89
1670 695
149 1525
1472 605
666 722
1380 54
376 404
48 727
1248 182
179 776
69 863
1774 46
1050 138
129 158
22 37
481 513
131 156
105 1573
271 605
1472 644
162 164
1236 1472
412 825
330 996
1117 399
620 641
12 162
412 938
121 165
50 809
1100 209
574 660
5 7
1617 517
814 891
730 749
1129 939
202 774
448 531
1364 94
537 613
444 444
454 481
663 730
209 909
1022 1118
231 810
1001 1047
621 664
1326 1334
201 243
306 54
1523 214
370 727
1472 656
204 365
650 656
1001 146
1598 421
1233 1472
0 151
1180 1324
1111 1118
1021 986
168 356
125 33
1199 1203
105 335
146 163
317 96
82 83
1401 50
105 96
727 759
431 508
1373 1472
1472 613
412 988
1080 1090
1391 1472
330 935
1472 370
894 908
809 922
1438 48
1472 863
861 867
1527 289
1247 250
109 1472
83 91
1472 813
1047 988
1102 954
1369 1450
380 48
282 862
1472 546
789 941
129 383
541 556
467 598
1505 185
1642 543
1024 445
1100 124
1164 1288
1713 49
387 83
235 240
1178 909
441 464
790 835
1 438
1711 921
107 1319
1050 961
1001 996
742 967
1058 217
264 374
337 873
537 541
454 567
496 545
1472 422
1 432
73 87
1067 202
38 537
146 240
149 1753
275 742
1358 399
1361 1454
352 415
469 493
1675 742
1689 182
479 521
786 855
1004 124
390 398
67 830
1472 541
1531 312
373 740
1268 961
149 179
1370 1416
1707 740
1194 64
211 91
1087 867
333 9
367 48
432 471
1080 728
1325 91
1007 1472
122 89
1062 1143
1041 1115
617 617
451 491
283 325
292 79
1637 541
46 93
1713 337
1472 163
1067 146
1058 1142
1172 50
1004 747
1324 1472
100 172
194 337
478 485
1472 498
1285 49
784 867
178 236
1682 781
453 497
366 768
100 161
1325 149
878 920
1472 802
110 861
422 476
528 617
814 830
1447 1458
1198 957
100 1472
43 67
179 179
725 764
1055 1230
1629 717
1472 87
762 941
255 314
1472 633
61 920
1176 1350
400 73
1124 1422
1373 1441
1483 316
341 409
1709 94
791 858
1199 1247
540 743
38 560
102 106
113 1369
1262 1318
1060 909
1370 1395
1128 358
115 83
1406 337
1055 999
1380 74
1579 81
386 620
1683 783
1162 1317
3 38
1 16
752 795
1717 810
1279 209
488 768
421 450
1046 146
107 267
107 375
1736 217
1133 1186
460 55
1472 240
1147 1324
1036 48
1507 178
375 382
1404 1408
146 267
1246 969
1375 1385
400 97
1184 961
1015 47
1337 1472
1196 944
408 77
1115 984
149 905
375 400
1114 1472
1070 1472
1232 914
114 188
1351 337
496 81
1472 244
46 74
146 271
1120 48
116 128
412 984
1158 980
243 445
124 125
1080 1323
334 792
1507 190
463 643
814 861
1021 61
1458 1778
138 1689
110 740
1472 753
226 727
1080 740
199 205
201 616
201 451
464 496
1369 204
1046 996
126 1472
1682 785
1325 1748
149 826
179 905
402 620
1080 1080
252 502
1217 1472
283 886
851 894
168 204
1559 172
473 551
334 565
224 984
1070 1114
128 1361
1509 208
881 922
1527 279
114 182
1472 618
1174 803
1044 902
1036 1178
789 793
110 1472
117 178
2 2
1075 961
1298 72
1748 893
335 790
367 727
67 740
1029 1117
809 970
1358 1385
224 494
356 999
1080 1472
409 415
1126 1689
1593 443
1285 50
1006 970
1087 965
182 854
614 701
1402 370
1085 1142
1612 226
34 46
237 536
1763 50
191 229
335 454
235 717
334 632
182 961
1199 63
122 156
1147 1761
664 664
72 751
177 346
1472 811
751 752
1021 922
118 30
1022 1174
1082 1128
252 295
1472 384
114 165
1147 941
330 54
1472 994
1047 1210
1331 49
1132 1150
224 374
1472 267
1472 375
939 977
412 986
1129 807
362 366
1417 1472
1170 867
179 734
1313 988
74 905
122 250
194 910
109 380
1472 302
1012 1133
1361 878
387 61
132 146
1634 560
131 149
363 387
1012 67
283 540
1004 1248
1021 967
1024 1315
125 90
1170 1279
121 139
1472 271
1122 889
117 1369
1319 1370
374 63
341 559
44 46
1148 999
1129 540
742 807
445 727
271 271
1472 277
1021 941
74 810
46 909
715 769
185 387
1184 209
1082 1182
1036 1041
1028 1105
252 417
1178 1194
1595 490
116 187
110 901
863 97
1472 29
1472 497
59 69
226 269
105 54
1156 1472
1672 719
1180 60
129 1521
1621 467
869 873
1180 807
250 878
437 496
438 460
1472 705
1179 889
243 467
1021 151
1388 49
414 415
1195 1197
1441 49
376 455
621 710
779 807
3 316
330 960
531 7
356 907
1017 1714
1024 965
168 38
1650 692
1022 972
497 541
1310 1314
432 438
1151 1172
671 744
807 846
107 212
701 759
1483 98
1055 1110
1261 1280
1004 370
231 836
485 553
1069 1112
1024 69
762 807
219 922
1012 1426
1416 362
252 379
700 881
1154 94
1597 566
1403 49
1513 792
740 752
412 880
897 969
1248 1319
1080 1096
1472 85
100 380
1120 752
107 144
1600 893
334 521
1324 399
60 836
170 271
455 916
1325 1430
825 952
203 219
209 961
27 81
1408 49
1056 49
220 821
1132 897
126 217
1195 1247
115 82
1361 1422
277 283
1298 1472
721 740
165 177
1744 208
128 162
138 811
38 614
1114 48
1029 1036
725 753
1041 445
1070 48
576 597
836 957
102 1472
133 73
1034 445
209 889
460 627
814 827
1062 941
330 366
283 918
1010 977
334 386
179 917
1513 217
374 528
1021 119
1358 999
306 322
334 587
1403 337
1012 47
523 531
1087 1224
1472 346
1472 373
236 914
1121 961
1261 50
1724 941
48 804
1004 1294
110 1713
1748 61
1606 498
1373 1431
366 685
117 90
1472 239
1337 1747
48 920
1472 344
133 97
1285 72
1472 212
367 900
117 1247
809 883
1304 1388
850 900
161 191
399 867
1385 74
1421 1753
1361 50
1388 50
55 810
1261 970
179 782
236 908
1145 893
1472 652
1036 219
170 717
237 768
107 73
214 272
836 921
1367 1375
1510 179
127 146
1080 48
182 236
146 73
508 520
1007 727
1103 1750
454 518
356 920
1111 1226
20 3
1273 1742
1744 969
1178 889
1096 867
149 405
1333 1472
537 591
453 491
977 980
110 380
1769 337
237 759
1304 94
1403 957
790 900
367 999
850 999
370 920
836 891
914 920
1142 117
107 969
1437 1438
1172 1472
1359 67
34 67
220 836
204 829
107 97
1147 1402
1477 92
1403 50
149 276
1472 790
179 792
367 944
100 862
155 920
1293 1393
0 1472
209 789
1408 957
255 53
768 906
69 73
1395 840
341 588
271 790
344 363
1472 454
148 178
379 497
1177 867
50 73
412 922
1166 1174
454 478
61 768
1472 884
1197 49
201 415
1472 46
109 1285
786 790
250 920
209 209
747 803
740 774
1087 828
279 354
1313 832
402 441
1021 807
1050 988
1047 922
149 858
1325 54
1035 830
337 744
1142 1212
1472 332
1472 881
130 1425
740 928
50 969
1001 224
69 97
219 957
44 67
1618 584
129 944
1061 1066
1597 487
1472 473
35 50
485 527
199 208
1600 691
1769 50
1472 709
1472 791
806 825
404 449
1472 539
123 83
1318 1399
1022 922
1070 727
1124 64
211 284
1041 867
1036 999
1490 37
300 334
236 265
140 196
1671 729
1117 920
29 91
412 941
124 889
1067 412
236 957
155 807
1472 73
1491 73
171 98
1472 784
1318 67
337 878
1118 1709
1487 99
202 977
541 575
383 69
1005 944
1357 337
693 783
1472 914
1006 64
243 666
219 970
375 393
289 345
149 380
1124 1472
404 462
1067 170
980 988
202 816
1628 541
121 1473
1022 1077
1387 63
421 434
531 559
1472 969
199 73
1385 1741
1015 1044
224 243
1022 129
1176 1319
1114 752
415 550
28 53
910 968
1472 97
192 204
541 613
1006 1472
1147 1458
366 980
1406 1472
236 970
1004 224
1248 1268
1472 504
1561 341
289 312
1472 966
728 941
1370 46
49 91
1419 1472
110 727
49 752
37 844
149 197
1285 161
217 893
1203 807
1107 941
107 130
1012 1209
1004 1036
722 783
1635 550
149 274
1067 1082
1285 1472
306 79
105 977
541 546
224 908
1055 330
1087 1300
747 820
73 955
351 365
231 432
1015 399
1180 1707
1401 48
1111 49
885 98
689 695
1571 53
1472 185
1298 48
1359 47
1588 457
50 955
1315 1347
1062 60
34 47
130 291
1197 50
1062 807
158 61
1276 1402
63 83
1472 371
1069 1113
132 163
1319 362
1267 67
727 751
1096 1155
55 732
1472 24
1472 786
1753 91
380 54
373 96
171 774
220 986
1044 1047
124 209
1044 146
792 960
346 941
1582 73
224 337
1472 491
1099 1136
64 73
168 214
1520 247
1423 1453
140 91
179 55
322 363
1439 1472
149 395
73 844
1472 896
103 124
149 186
873 969
38 620
182 938
1456 1458
1472 79
867 999
1680 765
205 809
1315 1754
1247 126
1003 751
1691 768
751 920
144 168
412 957
747 825
20 61
54 90
1472 365
404 410
717 803
727 824
1463 1467
1027 1035
1566 395
657 715
1594 484
1121 803
109 1264
349 390
10 7
1638 38
453 519
550 564
381 387
1232 1472
893 941
1142 868
38 685
117 124
941 989
1300 1435
1035 1472
1682 171
1095 374
128 988
379 46
411 53
367 920
1197 1325
1753 202
50 961
460 606
850 920
138 73
1001 768
1319 1359
1006 792
151 157
1561 83
1 114
1080 1285
114 3
110 1699
1483 54
1478 53
220 864
168 202
1094 922
1403 283
240 253
747 988
489 490
145 149
1368 358
23 257
148 184
252 743
1675 716
701 758
1001 1182
1067 977
138 969
1050 374
114 155
1472 718
1022 50
402 422
1015 742
384 920
107 179
1472 844
50 889
1132 807
287 338
777 818
1178 1295
1111 50
191 337
1472 514
219 237
49 996
1018 53
1126 784
185 313
1143 138
1154 370
463 471
149 215
485 500
1001 1108
1401 862
1022 970
226 53
768 813
113 1248
220 880
240 273
447 455
1331 1472
1024 863
1006 217
341 592
1274 399
140 146
460 60
1022 921
1169 182
62 90
1001 109
1709 224
411 560
2 957
130 271
1615 464
412 807
1012 217
727 863
1644 633
617 640
836 954
583 592
700 810
793 89
1018 412
1367 330
1472 444
652 680
109 508
1709 271
1415 186
1445 61
313 381
1248 49
779 818
54 63
1111 67
46 789
149 296
83 89
362 961
245 260
1015 1087
803 825
1685 774
20 49
1261 1472
1313 941
231 941
1181 1199
1010 961
168 774
1472 649
1472 726
122 171
224 815
861 879
1361 1472
1388 1472
138 138
1441 1472
464 497
537 545
1133 850
537 714
1004 46
243 252
1357 72
1041 146
124 358
1033 346
1113 1315
1085 50
1070 1264
186 47
1004 208
1110 1111
623 637
240 259
1414 367
371 74
768 802
861 952
116 121
909 948
1037 1058
402 434
1692 785
1429 1434
1262 1290
149 183
114 1473
1472 545
1444 1452
1128 49
149 694
443 454
1085 970
237 758
1403 1472
94 943
1167 751
300 346
1091 863
1317 1472
337 356
1128 97
807 977
1056 954
61 63
1472 391
1050 1268
109 920
807 909
164 166
1485 73
1577 393
1021 158
113 148
209 241
1006 1178
1318 1472
1118 1118
1056 1472
116 190
1368 988
415 531
1053 768
1472 376
217 967
1472 519
219 740
669 673
752 904
1055 250
211 768
124 171
1080 1264
1036 412
1110 1733
1415 1454
1472 483
1472 47
334 455
409 524
1035 953
651 659
117 712
528 528
121 50
6 8
595 608
235 803
1292 988
217 941
250 390
1485 97
867 920
205 224
47 944
1036 170
1004 97
406 48
1300 1417
1248 50
37 9
1423 367
697 710
202 958
537 609
411 464
1472 162
1028 1085
1472 905
891 900
50 81
1472 639
1090 50
20 50
1262 1350
1022 47
133 1472
1669 697
113 87
215 236
1016 752
1657 664
666 786
1561 61
1111 47
490 505
1001 955
1230 1472
1472 88
792 868
1172 98
861 909
1048 965
1262 1445
1472 810
1376 412
1472 164
1015 999
809 916
341 460
1463 1780
194 752
1172 1285
1465 1779
21 402
1472 826
81 97
1042 1729
129 287
252 527
387 902
178 337
1010 1672
1472 680
214 758
1472 623
149 878
1472 734
1004 1028
1472 81
1303 283
1390 957
1128 50
61 980
130 790
201 404
1511 204
1021 76
279 341
1180 965
114 193
1145 807
15 15
113 205
1324 1346
122 191
38 9
341 523
1310 1341
302 331
1390 50
1147 867
1759 362
11 15
1649 657
121 157
1143 905
108 1472
362 894
1342 1472
505 520
109 170
1107 1111
50 9
1197 1472
415 50
107 1524
709 768
421 485
1127 138
151 167
279 279
867 964
1015 967
215 9
1024 1036
241 9
130 332
1667 693
224 699
224 948
1110 1322
1586 498
295 302
840 849
49 54
1221 146
1001 961
202 991
1385 94
1126 179
1688 774
1066 1472
663 716
1373 1444
1556 172
231 807
1714 969
1 316
451 505
1021 867
995 999
1095 1099
105 388
301 306
1000 202
78 85
412 64
160 175
252 37
1226 67
110 982
1197 1368
1180 149
1383 1472
843 873
1683 759
1080 1311
171 412
117 1294
141 844
1115 1472
1001 889
1252 970
1472 8
107 1517
1155 94
179 941
168 809
1103 984
1524 238
1472 290
531 592
362 803
1021 1022
464 539
1334 908
238 91
819 977
1264 807
429 91
393 64
83 955
560 611
155 867
1007 170
1080 920
1472 885
130 342
1007 951
1630 582
1369 54
574 656
1472 554
168 693
1047 1472
211 701
379 519
54 62
1350 957
1069 1351
1531 271
149 295
1268 941
192 202
1472 25
1050 1071
1472 723
1403 48
250 867
605 663
1388 399
1127 961
1451 1771
1103 1190
1441 399
49 537
1265 1295
143 159
1472 974
231 899
508 529
124 1289
957 961
873 892
140 148
279 411
252 752
149 387
1022 1472
173 217
1172 944
194 996
1408 48
69 937
1001 1120
1064 1472
762 98
1128 179
911 961
1477 90
1472 820
1720 830
1111 1472
211 275
1358 1369
306 938
514 543
1050 107
1180 146
1155 1205
692 712
47 920
1472 917
528 605
165 63
595 607
559 560
1567 224
1717 177
149 306
1614 454
1209 1472
1216 967
2 34
454 521
1027 47
1242 54
1015 111
131 143
1310 161
1126 810
1194 74
1147 965
343 358
1769 48
1092 1135
1472 286
944 972
1472 732
859 975
1276 48
179 387
231 237
1062 867
1310 1472
1424 346
38 463
666 714
383 394
1247 46
1083 48
1250 996
225 231
1001 209
274 37
605 621
1472 578
130 1373
231 472
1603 510
275 527
1001 220
48 965
1472 736
191 357
220 807
1724 867
306 324
121 153
485 537
1147 1155
402 454
62 62
50 988
179 306
1007 1066
1147 94
1128 830
1128 47
1715 894
1046 961
1359 893
1051 231
464 491
1052 271
1347 1472
779 996
1050 957
1472 825
1050 1172
114 166
1472 938
374 46
1085 64
1015 920
814 814
1472 585
149 304
1549 332
1164 182
1029 1472
1017 1024
1472 821
204 306
370 965
1394 914
528 546
128 361
110 170
1338 138
330 803
560 577
117 952
762 774
1022 1106
1155 850
166 172
1085 1472
1001 182
1036 445
1563 335
1472 765
130 1380
107 380
423 55
455 768
1285 999
117 271
1395 46
1315 914
1080 1141
1472 873
107 141
758 813
1184 1236
1477 63
53 53
758 809
1472 985
1396 1439
1653 640
684 730
1357 48
1247 97
171 909
1382 1472
64 917
1126 1686
374 73
1496 649
179 379
130 1361
38 471
136 85
370 94
451 502
914 94
224 383
1001 236
170 286
411 535
747 967
540 977
126 211
67 951
1337 330
1106 208
168 366
1092 922
1147 1447
354 63
107 197
1015 60
50 836
1472 217
380 381
1339 1682
400 82
1620 556
1132 867
1070 1739
1194 909
868 886
1627 53
330 358
207 225
1191 751
172 177
155 91
164 167
807 961
1133 1244
1474 78
1089 955
1655 660
713 774
1682 790
1383 1758
1244 803
666 680
285 334
1012 967
194 975
1246 1246
252 513
1284 784
152 161
1570 53
114 157
1472 858
1038 1042
792 961
121 1472
728 818
101 164
1597 633
1094 1472
149 356
170 825
1142 803
1110 1241
1474 32
170 938
179 53
1007 1167
1472 946
807 889
412 867
1248 1472
1338 961
215 229
249 265
1028 335
1472 737
275 91
488 538
407 467
1090 1472
418 440
1055 850
1472 836
1285 1292
1062 916
1013 74
1390 1403
719 740
236 727
135 1497
727 784
1472 341
1247 1373
47 74
1007 768
546 612
105 358
54 87
1380 168
1114 909
1268 1402
162 167
1021 1047
109 1310
1611 454
182 337
1172 920
37 742
81 88
847 920
343 367
373 768
146 186
279 61
14 7
170 642
1472 229
138 825
1166 64
1180 1248
1221 1317
432 527
555 564
1390 64
1331 900
460 527
205 947
859 870
224 380
50 984
1472 2
346 818
881 996
211 220
916 977
955 996
863 897
560 615
379 578
1128 1472
149 211
900 988
144 47
341 541
1166 1472
1015 1027
740 785
1041 224
1103 1132
1111 1383
1390 1472
1472 429
753 801
1685 717
168 393
1114 1167
1100 1472
104 110
399 909
306 374
407 517
125 97
1670 832
1021 996
402 50
292 304
1472 55
146 986
431 477
735 771
409 464
1421 1761
1026 966
1006 111
164 383
1660 669
1578 404
1368 1429
1201 970
600 643
1252 64
866 980
1529 324
1737 952
1375 1437
1111 399
1548 28
1096 909
379 585
295 371
432 484
1472 446
1678 488
1336 50
1059 938
186 893
1006 1110
67 977
149 1541
1213 909
1046 236
1454 63
1147 1358
1132 965
107 215
54 71
488 790
1057 202
1252 1472
836 999
1118 1302
1472 681
1 407
1012 1110
146 215
182 970
1067 1235
1472 748
191 48
423 432
1723 217
1702 358
1355 387
1057 1220
1311 961
330 988
1724 202
204 336
246 252
130 905
252 252
1024 1334
1722 965
1064 1728
50 986
1316 1351
86 97
1567 73
779 813
208 969
541 545
56 61
1472 186
252 712
941 977
1714 236
1663 843
809 920
1044 109
1206 1335
38 567
1531 185
1472 411
117 790
665 677
1472 697
1472 83
1319 1430
1454 91
1285 1317
850 965
362 984
656 665
1472 374
367 995
1289 996
1062 146
1685 868
1358 149
1055 110
455 459
807 942
367 63
751 94
110 911
550 647
1067 1242
1096 868
1061 370
330 367
114 153
107 1337
1103 908
1663 760
411 496
23 259
46 700
117 46
1472 893
1764 50
1587 376
341 582
117 208
1205 1246
1370 1396
1472 155
107 1285
1721 48
105 1574
1351 1357
735 740
1472 742
215 247
1178 1291
168 768
1519 238
523 577
224 727
367 94
1118 129
850 94
897 904
828 928
1472 986
105 116
1244 988
1472 832
1055 1118
897 999
1093 836
1472 805
362 374
1006 814
1481 83
1167 46
403 409
825 848
1012 1098
164 380
768 961
220 675
105 311
1439 231
810 98
1720 953
1067 171
1145 1197
1054 138
101 30
138 399
117 73
1365 893
508 514
1046 1147
107 183
1298 362
148 194
383 73
1472 215
1036 965
1371 47
211 9
451 470
250 407
1015 1154
1472 710
146 183
1625 569
334 459
1012 807
805 850
1035 1110
110 445
1381 1472
130 803
1317 1331
168 192
1749 50
366 775
209 957
132 165
27 72
1367 1460
111 231
1018 980
1106 889
238 284
460 460
124 129
1107 989
1304 1334
1003 1287
1380 346
542 559
577 591
1344 384
775 819
1709 803
117 97
382 83
252 54
109 222
1316 1433
383 97
1458 1463
202 859
412 98
168 208
144 1472
240 260
1472 864
1232 920
363 54
1199 220
951 957
220 902
909 999
1472 651
1684 774
1248 1254
1319 1425
1095 1472
1741 236
1634 550
1279 1472
209 970
21 79
441 491
1058 202
1472 296
1348 1472
1472 269
1047 98
149 313
1018 124
1050 1080
236 999
260 777
1472 438
149 305
1050 161
204 223
113 961
825 893
474 485
1001 836
303 330
1001 1142
1285 412
1472 432
859 909
1438 1453
1001 1219
1361 1370
922 986
1001 1117
114 167
1632 541
902 972
211 764
283 994
1028 231
1008 863
34 392
537 602
1027 399
304 74
279 409
1242 208
810 996
1129 74
1613 546
1080 250
1352 893
441 50
467 484
545 591
262 346
1058 146
48 863
560 564
451 490
454 508
740 789
131 165
453 544
1438 1460
213 220
1178 970
1472 183
114 121
252 537
1380 46
1521 259
1605 487
109 63
156 236
1594 458
50 61
1752 49
149 38
149 190
69 82
117 138
803 910
605 661
1107 1267
1012 1027
1221 362
709 762
1472 577
78 88
1373 94
1128 399
1472 627
330 374
375 394
1015 445
1472 897
1600 465
1311 236
61 85
1473 3
393 96
179 925
1 402
540 961
528 614
1285 74
1167 1373
117 130
217 867
715 758
467 469
367 852
441 451
146 967
784 850
914 998
1166 1178
955 973
1171 346
1221 909
1472 866
221 237
1472 61
1100 1178
107 941
50 922
1038 224
116 176
813 978
146 941
105 168
1016 909
223 231
1478 62
124 50
172 178
161 380
1472 82
1322 803
1098 217
113 1493
1425 50
126 280
1370 1415
226 407
1429 98
1089 751
727 905
788 807
130 938
1325 988
1132 828
471 615
1516 226
1366 1366
1164 374
1472 904
328 353
762 952
1184 1472
12 37
1036 747
155 54
168 275
194 909
1012 1111
1472 744
501 543
363 366
211 238
1047 846
122 169
412 944
346 351
237 790
1117 370
191 219
1154 236
211 241
112 83
1481 61
792 938
1174 867
1089 260
1542 300
1472 939
1716 949
38 531
1169 1170
50 941
740 926
1021 1231
1444 1472
1047 944
1024 236
471 704
287 287
49 961
46 97
1492 9
1365 1751
1551 9
109 980
124 137
1686 202
1392 1472
1246 283
363 74
67 90
107 107
541 578
37 678
128 34
1472 878
107 140
694 745
1085 219
328 357
1092 1103
124 1266
1472 669
182 740
1315 1472
1360 1454
1682 771
177 920
0 312
782 793
916 961
208 47
54 73
289 346
1472 967
283 868
556 560
690 727
1366 894
1080 1315
63 90
527 746
1018 963
373 789
128 1472
109 124
289 344
1024 803
1704 869
107 387
789 868
382 61
1129 868
337 828
1006 1010
1349 209
1472 941
1336 1472
1081 97
1042 1150
751 963
253 311
123 63
12 149
237 784
179 845
243 376
909 920
1172 1310
1689 727
455 474
663 852
1248 1285
1194 209
1369 1421
128 167
535 598
1603 470
179 235
873 904
164 174
113 81
846 922
1375 54
109 747
180 208
1004 155
1472 629
236 920
1472 297
1431 48
1000 768
235 50
1179 64
1472 151
762 909
1472 187
445 751
1313 202
124 389
1472 544
1050 867
1472 58
387 87
1694 373
1380 50
1472 715
1316 1403
1472 502
1337 149
1080 965
445 968
1056 915
1433 1447
120 219
1024 1725
279 283
1092 1472
1 12
1029 999
695 741
110 69
655 697
107 920
61 73
224 704
1438 367
1007 124
130 1557
825 922
362 908
217 989
1103 1173
46 50
38 50
1195 182
205 938
751 863
1388 1444
110 640
609 620
1472 325
129 133
1301 47
50 957
1472 295
1145 774
1118 905
1441 1458
167 21
922 967
1270 1295
1380 67
139 144
271 325
1619 698
831 863
715 762
1361 74
47 965
1353 807
177 356
124 903
1267 814
1043 47
977 990
739 767
1472 387
1195 236
752 995
1432 1472
905 980
740 824
170 941
918 918
1103 1103
1056 170
1316 1472
160 208
130 1396
762 768
1712 941
54 79
1003 1472
124 47
1691 373
742 884
399 722
836 918
130 55
63 69
1003 1092
311 344
1417 94
283 73
109 794
125 25
220 752
507 516
1267 807
358 382
834 848
107 203
107 60
1162 49
313 73
431 493
826 889
1369 789
351 660
231 996
155 181
146 203
1472 306
182 792
471 663
146 60
155 224
404 598
1252 1285
186 304
1141 836
146 807
1472 417
1051 961
362 853
168 789
1748 54
537 606
1768 346
752 752
283 969
373 852
889 893
3 9
287 312
807 984
1195 803
109 777
1385 46
429 458
155 271
704 770
330 922
1248 999
146 157
1070 124
409 496
1206 1309
988 996
1636 608
608 631
246 768
412 54
1205 283
1433 1457
1408 74
1472 409
1472 166
471 53
891 965
138 941
1302 988
1148 224
171 762
191 7
130 186
1472 606
1064 1110
1145 1737
54 844
796 810
348 50
1015 63
306 580
1472 177
1047 920
1361 362
1036 370
21 9
50 60
1300 1452
50 807
1126 967
314 349
1368 1472
1110 117
1142 128
231 846
1103 1472
1133 47
1369 1445
1423 1472
1350 98
337 693
1444 48
1070 850
1538 304
69 910
813 878
1715 878
541 55
1472 379
610 638
1042 999
1472 304
1121 1472
171 180
471 621
67 980
1126 941
1015 94
1472 660
768 988
1178 1472
1747 54
1006 1085
179 69
170 387
1021 909
1292 1472
740 887
475 496
1297 185
1285 250
122 1472
741 778
1230 1327
458 507
1197 412
1401 63
770 795
488 770
803 902
481 485
226 240
235 721
177 330
421 426
1359 204
47 980
451 592
343 50
1110 384
1070 1070
1472 203
1001 922
1472 60
346 809
1236 809
471 560
1027 967
1300 1440
740 779
1472 807
1004 61
1265 67
1155 914
217 774
1626 464
170 957
399 850
171 171
1110 952
890 909
182 48
814 980
1702 872
804 869
1472 624
1118 1472
1380 47
104 73
130 1385
407 419
100 62
1080 850
130 215
1472 157
61 844
1207 999
405 50
74 916
1472 910
1262 1325
1034 220
1366 1754
783 809
1061 969
1320 807
1162 50
1633 306
1472 564
1270 988
1472 331
1472 617
1111 814
1103 1269
807 972
1472 540
146 211
1472 898
171 963
374 551
471 601
251 730
1319 46
1623 581
1085 1110
220 996
1472 628
1007 963
209 792
105 531
749 763
1142 941
204 23
1006 1136
412 412
165 46
154 170
1007 1118
1043 1472
20 7
1472 356
1356 1472
404 436
182 197
82 89
1050 98
179 202
1366 367
1154 1342
752 996
124 1472
701 771
1029 920
402 55
758 758
1425 1472
72 999
861 986
149 351
107 1297
1613 454
1060 1472
1001 908
1015 1047
1226 941
840 999
116 192
1404 1472
179 980
1668 697
1078 170
130 432
1472 823
1472 688
1140 1166
1066 716
1424 399
1022 412
1472 470
519 53
168 834
825 891
153 165
1472 15
1590 459
1041 236
1055 914
1199 374
628 643
1206 1755
1156 850
138 177
330 957
910 929
130 1415
116 208
394 415
1211 209
1389 63
205 374
202 957
485 762
67 762
1004 941
226 271
330 50
1773 48
1058 1082
429 459
328 386
335 902
768 848
1117 1180
1252 1292
1128 1293
23 281
168 281
793 881
1472 237
218 237
1635 629
1472 576
337 366
78 83
113 27
1357 362
1472 211
1310 412
132 1473
803 867
1615 454
1472 716
789 889
1359 1369
171 367
384 384
107 114
202 970
393 74
300 318
1285 1315
1242 762
48 784
528 533
1410 1472
386 607
1023 897
271 716
1017 445
605 653
508 55
906 953
1050 996
1248 920
219 768
138 807
1712 356
792 874
752 987
1087 1732
54 810
728 994
1020 124
252 79
107 223
1248 177
1553 53
231 231
55 727
146 223
1247 1385
1472 918
779 961
1676 735
920 977
1583 73
1036 811
202 891
48 97
55 595
23 289
237 810
138 540
1103 48
1423 48
1004 1061
117 988
1429 412
1709 61
1534 287
209 399
1380 1472
346 366
1126 807
1198 209
1221 209
1132 909
1346 346
1003 1113
1325 1429
46 64
306 740
1114 126
49 988
449 475
186 204
370 969
1472 778
1285 63
1307 67
1085 170
239 277
55 752
560 657
366 380
1473 157
148 236
404 429
148 81
131 1473
1285 69
1387 988
1472 160
10 12
105 67
727 749
1089 1180
171 859
947 961
346 994
1172 124
830 952
1043 217
1012 989
122 380
168 938
325 340
774 844
402 404
1055 130
412 909
1000 789
1285 94
107 390
1702 896
807 922
164 170
1609 507
412 816
308 73
1001 1062
1530 9
130 878
1059 1126
1370 283
1057 208
9 91
539 550
1315 1757
520 547
110 813
333 53
13 9
1055 1380
1458 1770
107 178
1067 896
1709 878
116 275
179 62
201 452
402 432
1085 74
1472 223
149 382
2 253
1472 204
1178 1178
908 97
27 66
253 361
1319 1361
160 188
697 774
107 902
42 91
404 411
168 1702
1001 815
152 170
1107 909
1422 957
217 54
1232 965
818 941
107 190
107 1310
209 727
454 459
1067 50
1043 1044
1277 224
319 386
1709 941
1012 202
124 48
300 325
412 950
1681 538
1205 1420
723 815
109 271
446 527
106 97
1494 159
202 903
1124 1252
1528 50
124 380
1592 433
1714 337
362 740
941 988
1133 217
123 87
485 779
1686 952
1385 47
283 81
275 701
202 830
1197 1310
409 541
208 893
803 989
411 539
1047 768
1262 1472
136 83
1022 1167
1521 260
350 364
1286 988
1472 313
1472 636
464 544
700 845
124 399
135 1472
1472 743
1001 1021
1080 1294
1472 390
411 73
1677 756
1352 1365
375 47
1117 1273
1581 61
813 927
1096 1117
1036 1180
1659 664
1046 50
367 790
1201 1230
1048 236
1404 399
404 507
711 740
1010 1472
1073 999
1635 617
20 74
149 809
1172 1242
130 295
810 860
1014 952
747 996
710 792
1033 177
627 656
1647 641
185 354
1515 241
906 989
1472 158
1004 1126
1421 1437
105 47
119 162
1325 957
1007 1036
129 144
103 83
1634 662
130 387
1107 1182
146 818
1612 467
38 565
1472 902
1423 1431
137 150
155 844
1288 182
1478 97
1325 50
394 399
225 241
1472 38
1573 83
1331 94
370 961
1472 190
59 82
1011 955
565 632
1472 338
67 859
54 825
1343 374
1021 889
1007 940
1442 204
179 809
1261 965
182 999
1090 330
130 306
346 868
1162 1472
383 83
113 1268
372 387
1082 1124
217 412
344 358
107 235
1015 54
34 63
243 247
1481 158
496 537
220 240
1050 1317
621 684
1547 331
910 922
117 155
751 97
191 911
1070 811
1000 762
250 961
1037 967
449 464
1356 862
1368 98
850 914
1379 893
1262 1766
279 460
146 867
1337 224
1247 941
124 727
1050 54
1600 768
1425 862
451 492
54 988
1408 1421
1176 807
850 969
1268 1338
1268 1311
749 769
130 177
1391 373
1092 999
1024 904
1439 1439
1017 995
38 608
1521 238
723 728
1087 908
1388 94
295 428
961 969
417 417
1017 69
1388 91
1536 336
1433 362
762 803
295 318
211 671
330 740
130 379
1102 1180
358 46
446 465
961 97
1179 944
211 815
330 64
1472 26
1503 172
1022 1245
727 744
1026 61
647 653
1472 76
132 166
50 867
1472 818
1108 1472
1259 969
142 758
1472 632
803 996
1032 1126
1070 972
1062 961
283 286
1021 1060
1318 63
1111 1203
807 891
134 73
1361 789
243 538
107 1519
1097 955
1067 47
231 909
156 337
1316 1412
185 923
1317 94
1747 250
496 560
130 203
762 762
116 188
1115 1221
182 907
1375 1421
1472 953
560 622
238 9
471 517
862 923
380 50
311 9
1080 271
1472 235
454 486
454 456
740 914
37 37
1472 467
52 91
1472 696
1090 1167
105 34
1575 403
220 224
1344 988
432 459
1472 867
1373 46
1349 346
792 807
909 995
429 431
1358 1380
803 846
1310 250
1402 1462
402 508
459 467
271 867
236 965
727 941
903 941
117 1473
1462 1472
1614 417
179 205
105 1472
149 366
231 868
1001 1080
124 1285
1103 1230
114 170
1376 1756
1050 412
909 94
1230 69
1666 692
1018 844
121 1494
374 387
1347 250
1067 861
1077 47
1567 82
1472 280
1472 316
283 976
231 768
984 999
335 351
1472 430
1001 1472
723 770
454 528
212 225
1221 779
1240 867
793 826
362 48
48 81
1641 53
920 961
1128 1167
784 957
1472 769
1483 50
236 91
1472 527
237 399
109 73
1230 91
171 198
149 224
1472 184
1004 1316
1203 220
217 909
1650 658
1168 1732
671 722
1108 792
10 14
1472 196
373 790
464 559
306 727
1007 46
194 367
710 727
1178 944
370 81
201 402
742 988
1004 1080
243 690
1711 366
103 82
109 97
1472 480
1062 209
1472 506
668 683
1370 48
1568 73
50 727
146 91
1418 893
170 867
146 1484
500 552
1050 74
1 9
117 61
130 211
807 830
101 1472
844 876
519 535
173 202
1472 484
409 571
220 909
330 383
182 920
208 941
64 867
1367 905
100 46
1342 94
107 149
1472 249
423 449
1132 1304
1107 958
117 82
768 957
50 78
1472 783
1 431
1067 64
1147 1147
779 988
179 271
1061 792
1199 807
109 185
212 245
283 341
752 909
1148 236
1332 961
605 652
1174 909
283 334
1387 61
274 9
1472 37
523 528
1128 445
1735 236
1692 838
1011 810
217 768
252 574
243 243
211 745
373 73
133 146
11 275
1067 1472
271 37
1335 67
1637 386
1422 1472
1564 375
1248 250
1162 399
1056 850
1311 1402
324 336
138 867
54 742
807 833
1472 916
1007 97
252 585
1114 46
537 611
31 37
1070 46
374 60
271 965
46 86
10 13
168 983
1472 469
54 59
1431 362
727 804
100 1501
1472 78
49 922
732 774
124 944
1115 1120
1497 178
807 861
1107 889
700 774
220 768
1004 1119
1001 1096
1368 1375
1046 1080
1027 1085
279 7
362 727
1472 989
1248 1249
1435 367
225 226
1380 1415
100 97
1393 47
107 146
224 69
1472 91
1491 91
1472 752
373 485
252 988
236 333
1472 214
325 79
330 48
61 83
803 809
441 7
275 738
211 740
1046 1472
126 208
1114 129
807 948
941 983
109 130
1065 742
390 81
1696 811
471 528
132 153
1050 977
1169 999
1554 333
1325 64
110 46
1472 149
1727 980
1021 171
307 9
1472 465
1080 46
1363 91
432 486
1559 46
252 367
1024 807
485 562
1022 1709
109 136
1244 953
61 742
1640 627
362 752
175 208
1472 666
128 170
1472 460
223 225
1508 28
1628 596
1197 124
55 621
1410 1765
49 49
159 208
168 922
109 844
1369 1429
1385 399
219 441
1110 803
375 380
126 73
1399 1472
1058 209
146 996
115 81
3 50
209 920
1472 98
1391 67
295 53
313 395
121 90
1472 202
1021 133
1472 175
768 796
1021 1118
1249 941
171 957
73 96
1103 1311
379 489
1472 647
399 784
1664 614
1472 523
1536 303
238 279
367 905
231 459
475 570
1367 1472
929 997
1475 48
1057 762
1011 885
1142 867
1263 792
807 954
1022 1176
1110 1686
614 663
409 73
1325 1368
21 50
873 94
663 726
1103 1357
1747 209
207 83
237 432
1367 1469
306 359
1133 967
900 916
356 585
1145 844
1080 969
50 996
768 823
219 62
1300 1472
432 450
1472 462
346 354
1301 387
1178 920
204 373
1110 1209
1472 351
1088 977
1388 1438
1096 908
1370 1437
59 72
155 825
1300 1330
1337 1373
1087 1173
1338 1472
1047 124
63 73
132 1472
1627 454
1472 335
114 192
1298 1308
366 379
124 392
1444 362
1067 217
751 892
1472 96
236 968
386 464
1472 906
527 555
1293 1352
1176 1369
740 830
1312 445
23 310
53 594
168 310
411 415
74 868
1472 476
1015 109
1466 367
271 335
197 211
208 807
67 70
1006 952
1472 314
1671 211
412 850
740 927
1001 1178
1655 614
1261 779
1046 1096
1126 965
128 253
421 487
1145 889
1047 747
1379 957
1161 61
1472 996
1370 1447
138 91
1179 74
330 916
1472 774
1438 1472
541 588
1359 54
728 894
1012 952
1177 908
337 894
922 98
54 61
49 957
376 55
1047 850
179 884
15 6
1369 337
191 21
1070 130
1479 71
1472 928
1537 9
50 944
367 803
121 63
825 98
1472 513
337 81
745 759
54 82
1256 1472
49 50
1563 394
1387 957
1089 1472
11 6
1364 48
27 89
121 69
1217 138
1147 1227
226 9
252 453
182 362
279 53
53 97
1401 46
779 805
1111 747
1695 811
1055 1261
1566 73
425 82
1432 1458
240 256
223 241
1029 1205
1319 1396
1472 729
1352 98
1317 1689
114 156
1 279
204 208
124 920
20 69
1018 1161
1472 622
1472 846
1391 47
387 988
1264 961
128 977
740 826
1472 683
44 54
740 861
412 762
156 161
1497 184
171 179
1126 149
54 922
1248 91
177 809
1369 957
1125 914
1334 250
803 879
1033 867
1262 1765
1001 1041
1051 49
1472 407
54 878
1594 531
1369 50
1087 1472
1052 1126
1142 916
1385 1463
179 969
740 948
1107 1159
1121 170
1050 250
379 666
1046 48
1472 828
774 893
1085 1252
1472 634
1322 1472
251 53
1369 1434
63 79
140 50
467 483
803 952
1311 1472
1047 1242
1057 988
1767 50
100 179
523 546
279 560
922 996
38 7
1629 663
38 641
1161 941
186 252
91 97
231 758
814 896
165 186
64 996
358 803
1110 988
1423 1444
1178 1344
109 810
941 957
129 1472
1036 1686
1351 817
528 544
165 374
366 495
1757 94
1319 893
399 451
107 132
346 803
138 335
764 782
304 344
1402 1447
1472 492
327 358
1085 850
168 1717
1126 146
224 968
179 731
1385 1415
176 217
217 889
1047 171
1070 179
146 809
138 996
1012 1128
47 844
233 237
220 961
1090 980
1472 869
1550 333
1472 590
1472 772
1137 1226
113 699
1702 893
1472 264
1107 1183
1472 400
1472 252
146 231
214 428
12 220
47 67
760 790
1472 712
184 337
1751 98
902 967
1366 1770
752 961
1157 941
1709 48
128 1494
920 988
1586 237
1654 667
1532 296
114 90
1047 1118
407 501
61 941
1718 907
11 8
1090 124
528 579
485 512
374 902
1369 1413
1048 904
1629 560
204 275
1055 1087
751 985
1549 338
1103 362
752 889
374 38
256 264
1423 362
283 878
370 374
1174 889
1262 1293
252 538
201 73
37 537
1206 988
778 787
1477 83
373 826
100 164
107 163
1169 356
295 313
1036 1218
1191 999
944 959
155 374
341 531
784 792
1756 63
1115 126
1366 1472
1108 999
1001 219
1036 1121
1178 1307
1293 1399
1472 600
50 54
81 91
1004 98
696 727
1024 1026
74 79
1646 306
674 685
325 9
1122 1720
1015 961
155 155
250 374
1100 146
1128 124
1472 809
537 693
304 73
279 464
957 98
740 782
1141 867
1176 1335
1569 73
1002 182
1285 46
415 528
155 986
1170 1472
1087 1283
271 809
1477 59
889 916
1319 1415
224 863
1472 231
37 412
1594 451
179 961
412 779
164 180
1293 1325
371 380
663 732
608 609
1128 747
104 82
1472 693
607 608
334 415
107 240
1472 509
1258 138
189 770
358 825
454 497
762 837
60 850
789 908
1472 54
1230 1298
237 455
866 893
1132 1342
1375 1384
1472 213
1040 861
175 188
1425 330
1665 697
740 792
279 526
1472 148
700 879
889 989
1281 1292
107 205
538 620
1089 399
306 475
1275 50
177 375
762 922
1285 129
146 205
402 421
337 367
1714 752
164 171
216 9
1090 358
1472 402
271 541
1087 1168
758 793
121 62
1349 1472
125 38
1195 161
1562 73
1472 176
1369 283
185 61
205 48
47 47
1001 999
941 945
740 835
1036 217
1195 1472
1194 1472
73 93
126 236
107 117
1311 48
537 537
1004 996
12 9
1180 49
1333 1380
830 988
1105 1472
1472 663
1613 577
1098 202
1285 97
608 626
1252 850
1110 1143
114 758
1655 649
142 1473
191 863
130 91
341 50
1066 205
1477 80
130 1484
1510 208
1061 941
179 354
567 604
1736 988
920 929
1367 1385
1472 537
758 815
64 809
337 341
1327 948
409 81
471 618
1297 387
1088 961
236 271
559 730
1044 1472
140 153
506 531
48 897
1325 98
1370 54
130 149
49 740
380 395
32 48
1362 48
287 308
170 735
220 236
119 151
380 83
1454 186
1001 1004
1472 195
407 429
422 428
111 73
1472 582
1136 1472
1089 727
715 757
1472 205
138 809
145 153
73 74
116 144
121 131
179 220
126 9
1472 266
498 536
910 992
1028 922
1101 807
707 723
217 762
138 231
710 716
727 867
1006 871
48 904
50 74
1285 138
204 6
1685 740
1526 236
417 465
651 651
769 795
1476 47
1285 1334
289 304
1753 64
1472 377
1403 346
1176 1282
646 650
1472 560
399 415
1369 64
104 107
138 54
1726 868
1595 470
168 740
1583 82
302 324
432 481
527 538
1058 1174
1069 236
1472 366
1145 988
112 56
1477 61
889 996
130 146
1408 346
1087 727
1050 1252
1003 867
407 411
1180 50
1369 1472
541 607
179 182
741 759
179 810
1472 879
130 351
1096 1472
1172 807
1124 67
105 392
1015 236
124 1705
1487 93
1248 809
1131 179
920 972
1000 67
1012 958
335 46
1132 1732
100 122
1705 853
467 503
140 1472
1361 46
383 445
1670 717
1082 1313
1010 170
454 454
129 83
1182 814
330 920
367 832
337 411
130 96
1010 951
143 149
1416 1444
1472 224
411 438
1448 94
260 61
1197 1336
129 862
337 374
1472 952
1385 177
219 373
231 988
1073 94
124 902
130 314
1710 367
1013 1472
238 50
109 141
146 909
1275 47
349 50
227 231
1606 252
48 941
1147 908
1247 91
182 965
114 145
1285 67
170 412
1472 194
155 922
224 375
1027 231
1118 1203
127 1496
145 1472
1718 74
415 575
467 471
1310 168
803 955
1206 1391
1311 752
1242 1472
412 972
1022 952
1172 47
231 779
1235 920
1307 920
49 792
224 271
728 805
895 921
30 63
455 521
179 803
1109 909
807 900
202 814
1408 46
1036 155
30 69
252 50
370 941
50 909
914 941
850 864
1472 262
1041 1472
107 125
140 147
1293 34
165 387
762 891
149 281
189 380
1472 272
27 40
146 259
346 374
1001 920
232 235
779 815
1195 48
1288 60
117 818
243 48
153 167
1069 751
73 89
117 632
376 427
1167 1203
807 999
663 697
1528 7
1008 1351
1472 393
399 792
792 935
1716 836
1254 1472
390 82
146 768
825 879
337 700
131 146
21 423
1615 544
1472 717
1764 63
402 496
454 485
374 460
1056 784
1472 977
1062 922
1096 792
179 885
1285 179
429 444
55 722
1361 185
1730 61
1472 909
908 941
803 961
362 362
1232 961
138 366
1024 752
64 952
156 219
1035 67
250 908
179 723
202 412
271 909
1196 920
352 55
415 541
1003 965
402 449
1684 790
475 501
1445 367
125 63
149 286
1305 972
1343 48
1004 54
50 768
338 96
1478 82
497 537
1117 941
1160 908
146 192
117 48
1623 523
741 819
177 969
1126 117
523 73
13 1472
114 171
179 225
252 671
201 533
1028 970
30 4
252 815
109 155
1018 61
966 985
211 7
565 591
1001 53
1147 1162
1262 1746
909 914
1752 250
109 742
1472 525
1472 201
1613 606
1370 362
1211 1472
107 143
209 965
1167 867
121 168
109 986
1658 55
334 411
1179 209
1262 1359
1472 259
1325 1375
1062 49
250 337
1472 868
1276 908
1385 1444
809 905
1058 346
171 395
179 286
1110 941
149 938
1385 1458
909 97
1067 920
179 732
1091 965
1249 867
1563 179
1322 996
1334 1347
1147 1433
113 32
1699 445
1055 807
1472 768
1373 1385
236 969
130 252
1143 909
496 546
678 695
379 74
1472 345
1319 1402
1001 412
984 995
301 315
110 836
1055 1402
891 938
920 922
1694 283
1589 386
1132 1132
224 326
1235 1344
1619 670
116 154
464 869
1285 1353
373 865
170 977
1368 63
1472 355
1472 759
628 654
922 977
1062 1236
1456 306
114 131
170 909
1001 170
828 853
1048 1173
742 771
1472 458
1472 614
64 977
1344 64
100 186
1007 155
243 727
1472 312
402 513
615 661
1472 572
250 957
1081 445
1472 322
299 374
432 454
130 1502
540 595
747 850
1206 922
1435 72
1472 228
1690 727
1472 192
330 330
154 208
1472 591
1423 94
1096 1254
399 399
900 977
149 238
1016 740
1022 1262
12 3
109 1337
48 60
697 723
1021 1266
388 73
1380 1392
1408 50
1001 1027
404 460
807 839
81 87
1198 1472
1096 399
1221 1472
1269 751
1472 208
283 740
1 1506
201 431
1004 1326
387 50
194 740
1118 63
1016 1472
393 46
1472 684
130 809
167 186
1046 1346
1006 803
1132 1177
1090 972
1318 1380
762 771
224 884
605 681
1047 881
224 46
1123 1731
40 51
74 938
1396 283
1472 860
810 97
354 379
271 684
358 61
1062 957
1132 908
1012 803
219 50
790 878
728 922
1022 208
182 189
1072 1712
105 330
367 941
850 941
1230 955
1230 1334
1107 922
1062 50
1686 538
1375 957
729 753
306 321
1129 1472
1070 155
697 732
149 341
1365 208
202 788
1126 909
1367 177
1472 843
1115 97
334 432
1261 179
740 999
1616 527
238 699
1375 50
460 531
61 902
441 456
289 313
1000 1472
393 73
107 138
124 63
74 988
807 920
1472 251
441 496
1062 970
1326 367
1310 1328
107 955
404 443
149 1557
464 509
220 984
390 50
224 73
18 9
1259 941
1039 762
1472 561
1021 1021
146 955
1106 944
224 914
130 284
1199 400
126 155
1331 1381
399 727
1232 236
1080 374
371 387
791 878
1178 980
560 626
409 83
296 338
1402 1408
34 391
179 471
752 984
441 449
252 654
224 969
485 799
325 328
128 171
1369 862
53 55
904 948
110 155
1153 236
104 114
1096 727
1117 60
1106 1222
130 1318
537 661
1117 807
186 79
1254 399
499 546
1398 957
1433 1451
1055 1232
1350 168
1351 1472
1050 1089
110 986
46 90
441 528
1095 1673
741 758
73 90
48 72
920 957
527 815
1358 50
275 796
1472 701
1472 785
1345 185
117 175
1018 1172
130 323
367 387
1361 47
1424 1430
1050 1319
1697 809
825 860
710 741
460 491
830 941
119 1472
454 483
394 91
1435 1472
418 61
1110 807
1226 977
107 961
1116 1248
660 695
1331 236
47 893
907 942
146 961
1752 94
920 970
1472 459
1178 1237
1748 957
1173 236
409 413
535 549
1165 283
47 742
1472 275
119 167
33 37
1133 989
1744 889
384 387
1110 1157
1316 751
1049 909
862 959
1393 1399
920 921
1748 50
117 146
1472 955
356 728
921 963
337 853
1472 535
1433 346
235 261
1389 367
130 350
149 374
527 676
220 940
149 1749
271 79
496 550
1515 230
220 972
131 148
1730 60
1201 126
146 889
1472 871
412 50
1375 1436
1591 430
109 967
111 1472
1055 1154
184 196
252 730
1118 747
1118 1282
1006 938
779 901
143 176
867 922
1035 1209
1318 47
182 370
100 61
752 940
1167 146
1147 1403
1614 541
61 867
889 952
109 941
243 428
237 769
1714 224
963 97
412 970
104 121
1472 543
130 366
337 957
1652 663
179 697
1248 46
1472 958
1311 1357
527 721
869 897
1058 970
1348 384
679 740
135 90
20 46
723 768
1049 868
1380 91
666 768
1317 182
226 60
132 170
130 1389
1747 50
46 69
168 426
1047 844
1128 1262
182 779
1472 620
412 67
751 807
374 54
1508 226
867 941
1103 751
1472 854
1012 988
723 759
1058 67
673 696
1028 1472
1298 374
124 850
396 73
1472 961
341 499
335 803
211 763
46 94
179 986
462 585
312 862
1487 90
1472 685
94 965
393 67
123 61
358 957
367 807
785 91
149 700
1147 1472
94 995
0 1471
146 789
511 535
1160 1173
1198 399
20 73
1173 751
168 694
1714 362
541 560
409 577
1472 889
250 948
740 804
1396 1404
1371 1513
194 380
1182 867
204 832
126 61
116 1472
716 777
49 999
260 654
1466 1472
1472 534
179 710
107 220
186 347
1359 1379
171 187
1438 1444
94 94
146 220
1226 208
471 519
1317 803
109 1682
889 977
1085 138
1737 98
402 419
1438 1458
129 807
27 394
1021 1472
1107 1325
237 258
1021 1092
201 55
202 819
111 792
858 941
1243 445
155 740
1734 50
986 996
728 815
1111 1199
1069 1268
671 734
1255 961
1197 47
1433 49
60 784
1143 961
1325 1411
21 7
1096 1324
1085 130
1557 367
1148 1154
177 803
60 914
146 285
1180 48
236 236
295 402
451 453
109 1172
697 697
1333 893
1472 354
1230 236
1370 1421
0 83
1472 758
306 449
107 182
1340 97
107 164
476 527
1145 1682
113 1317
535 537
251 260
1597 523
1084 938
922 961
1622 523
415 73
1472 347
60 97
226 237
1358 283
541 603
64 961
1172 742
1472 789
1036 540
20 24
430 460
482 500
111 217
370 390
1472 993
1206 830
1302 412
1087 1148
1748 47
471 650
63 82
478 55
100 107
158 50
107 165
1408 1472
54 98
62 63
1293 1748
1472 895
1472 569
1435 48
236 803
120 138
1307 867
1147 1404
1304 1311
1299 988
1472 6
283 386
1085 67
1472 209
1147 1441
412 47
1590 423
1689 914
1203 1472
237 666
64 889
367 72
1401 1415
810 810
1472 220
1133 1138
941 999
131 194
1047 47
1472 188
100 387
252 608
431 460
138 961
1036 1115
740 888
1062 954
1001 1221
125 87
208 213
1375 64
1080 941
1555 338
283 916
1276 1472
853 984
1174 922
1050 346
1105 1110
1083 1472
1132 1173
1472 40
176 204
1062 1472
1703 789
1015 61
124 133
335 938
1067 1245
671 730
1162 94
1057 1472
1472 285
231 957
124 207
1439 399
920 948
1747 47
1576 73
130 768
1472 942
1119 922
318 431
1514 232
1375 1472
220 243
201 507
1099 219
460 650
114 144
224 905
231 50
1563 399
1472 182
1132 948
803 859
1194 920
167 387
69 803
1253 367
809 893
1586 231
1323 1472
1472 894
1067 1196
501 508
335 988
47 941
182 271
728 728
814 967
109 1126
231 970
1011 1026
1015 1132
1248 961
1264 957
404 475
144 208
1689 786
146 358
54 996
1472 236
100 177
858 920
400 984
1126 889
20 67
1316 1374
455 739
1472 165
1156 967
1472 655
2 47
214 23
1117 1119
1369 1375
1264 50
814 941
146 281
1472 840
124 370
1369 1370
1311 362
464 614
90 91
115 1472
202 965
1472 474
283 666
1313 67
197 271
224 81
1357 1472
50 762
179 922
1641 652
1387 1409
1472 626
1762 50
117 54
250 383
1087 909
1557 411
171 915
1216 1226
1055 1247
1379 54
287 862
1036 1232
732 938
315 9
146 225
1472 803
48 867
1001 1037
485 508
1472 488
1021 1043
1024 194
636 636
46 62
241 242
1367 1369
1037 909
1195 53
146 260
1472 593
1132 1472
114 73
146 171
138 895
1445 50
149 1560
179 967
110 306
1069 908
201 505
1387 54
1184 346
1297 1333
219 792
1390 67
1242 1293
146 289
1419 1454
296 96
1174 775
239 270
61 996
1206 1472
1745 50
1373 72
334 559
1385 149
742 98
399 455
1472 762
409 417
370 867
735 775
252 727
1344 996
1030 961
81 955
1472 189
296 314
1624 540
74 922
1001 965
117 1318
366 368
957 958
289 351
271 762
217 970
399 920
1472 358
636 677
215 225
1050 49
220 957
1212 809
1472 431
566 577
605 660
104 91
1368 168
337 740
1058 1472
1226 889
1285 1337
104 1484
1070 60
1472 281
1114 807
1050 97
1580 73
209 994
1080 177
1004 961
126 793
111 742
1078 1472
1070 807
411 516
220 50
1335 204
1255 803
1256 902
170 850
1472 751
132 156
1361 1747
271 281
798 815
378 382
929 948
109 1297
1202 889
107 122
768 816
1117 1742
1047 974
1018 902
663 699
944 952
1056 836
1024 1055
1472 225
1268 908
337 730
115 1490
1107 1472
182 346
10 11
202 980
1219 124
1361 1396
143 208
863 984
564 576
38 575
1472 260
842 846
204 310
1198 999
1221 999
107 988
476 476
909 962
1771 94
1472 171
179 337
1380 1425
537 653
454 55
1403 399
1378 1380
138 165
1307 202
146 988
1472 555
1504 178
715 778
1472 824
342 96
1379 412
1080 60
13 7
1147 727
723 758
1066 938
1472 289
366 952
1080 807
116 1496
235 241
179 853
1686 861
1119 1162
1117 1279
671 737
1172 967
1012 1226
67 814
1408 399
122 181
149 50
1051 111
271 289
146 238
170 762
752 793
55 652
1142 209
807 930
1019 929
1645 664
1298 1351
279 550
33 54
251 618
194 999
1015 1172
146 241
211 741
237 264
260 527
1208 54
146 779
237 252
386 73
1172 941
1274 967
1472 501
170 358
1041 920
110 1126
774 98
138 803
1472 30
768 768
1110 867
1015 50
130 955
1349 330
1361 1376
11 34
1693 753
204 387
1472 664
1021 862
1662 682
1228 814
129 902
328 46
1540 9
27 49
316 91
789 944
845 860
170 180
252 426
1167 117
1007 1111
1390 47
63 807
47 807
1594 455
1656 664
1015 970
129 1310
1727 217
1062 399
560 602
574 663
752 815
1261 986
742 846
1346 867
337 338
813 926
11 1472
271 938
1319 98
138 762
325 363
1170 1741
50 779
48 752
1472 436
1403 186
747 922
53 60
623 626
156 250
1095 1133
165 98
179 970
1110 1124
844 889
1001 124
116 75
138 358
1205 811
1472 463
1015 1062
1472 988
1599 468
1252 47
124 375
728 792
154 217
328 73
550 648
889 889
1472 887
1351 999
1 404
1013 412
250 727
1226 1252
1472 324
74 957
341 7
1311 250
236 55
1050 1386
1472 311
217 47
240 246
237 809
1001 747
1472 238
1050 67
1055 146
1013 170
1369 1444
209 346
832 896
1066 836
1124 941
1134 809
1472 241
1263 209
614 652
1472 367
1022 988
1242 412
366 369
328 342
1472 779
1318 893
1172 387
1085 917
155 752
236 984
107 1340
1056 155
1472 695
1659 663
1111 988
792 854
1415 50
1369 74
100 114
703 762
1036 1096
1368 1401
1711 891
356 666
1145 1472
250 396
1209 1214
162 172
130 889
1194 204
1022 217
1362 250
1373 1423
1233 902
179 815
850 867
1142 1198
370 666
208 768
1403 1777
471 55
231 740
1350 47
1472 191
1472 315
346 792
231 64
1033 209
303 306
807 965
146 984
1335 1392
1737 412
1095 179
1472 27
109 902
231 954
1472 471
243 259
1117 1155
1472 334
411 484
23 287
1293 412
109 38
541 620
113 28
146 232
171 313
240 257
237 498
909 986
107 1174
567 607
1162 370
875 938
1049 803
402 493
1321 412
922 988
1433 1472
23 253
1389 50
168 253
1050 179
464 649
1472 263
12 1472
1361 1415
64 988
2 217
1388 1415
107 374
325 338
130 354
1472 279
1042 281
1472 859
107 1749
1316 784
528 582
1717 283
1370 367
41 72
1232 878
146 3
128 138
460 638
170 367
107 155
435 449
170 779
700 700
81 81
1036 867
334 38
208 208
902 973
432 55
1679 755
224 229
1686 827
130 789
1113 1357
1319 1358
939 952
1507 192
1472 848
1403 1415
1 428
853 853
1628 569
1717 861
283 693
171 38
1472 434
1083 1087
388 83
72 95
209 784
1216 1229
1472 19
934 961
1085 217
7 79
